Observed counts for each number (1 to 80):
[3418., 3460., 3485., 3479., 3394., 3461., 3318., 3454., 3526., 3466.,
 3382., 3363., 3380., 3473., 3484., 3477., 3399., 3461., 3395., 3404.,
 3472., 3393., 3493., 3476., 3292., 3454., 3427., 3410., 3426., 3499.,
 3451., 3442., 3429., 3421., 3434., 3429., 3395., 3463., 3453., 3388.,
 3453., 3392., 3437., 3410., 3429., 3441., 3363., 3354., 3418., 3424.,
 3391., 3494., 3458., 3403., 3370., 3385., 3491., 3581., 3409., 3414.,
 3419., 3487., 3453., 3429., 3387., 3372., 3349., 3487., 3428., 3356.,
 3372., 3483., 3382., 3453., 3337., 3433., 3368., 3517., 3444., 3461.]

Total observed numbers: 274260.0
Expected frequency for each number: 3428.25

Chi-square statistic: 58.0818
p-value: 0.962839

Standard Deviation of observed counts: 49.8898
Variance of observed counts: 2488.9875
