Observed counts for each number (1 to 80):
[262664., 262117., 262153., 262361., 261783., 262670., 261907., 262111.,
 261955., 261733., 260829., 261935., 262298., 261646., 261713., 261497.,
 261587., 262684., 262061., 262353., 261912., 262160., 262660., 261881.,
 261785., 261670., 262387., 262420., 261768., 262683., 262941., 261685.,
 262069., 261802., 262433., 261350., 261457., 262195., 262400., 261956.,
 261098., 261332., 261959., 262243., 262250., 263159., 262486., 262726.,
 261568., 262266., 262429., 261724., 262388., 262229., 261978., 262574.,
 262750., 262263., 262749., 261960., 261584., 262865., 262704., 261665.,
 262336., 262687., 262062., 262039., 262360., 262048., 262159., 262294.,
 262967., 261740., 261857., 262134., 262610., 262587., 262489., 262511.]

Total observed numbers: 20971500.0
Expected frequency for each number: 262143.75

Chi-square statistic: 61.8392
p-value: 0.922891

Standard Deviation of observed counts: 450.1495
Variance of observed counts: 202634.5625
